Fx <-
c(0, 0, 0, 0, 0, 0, 0, 0, 0, 0, 0, 0, 0, 0, 0.00012999999999999999, 
0.00052999999999999998, 0.0027499999999999998, 0.0092399999999999999, 
0.02349, 0.043709999999999999, 0.068489999999999995, 0.095920000000000005, 
0.12529000000000001, 0.14621000000000001, 0.16281000000000001, 
0.18123, 0.18793000000000001, 0.19781000000000001, 0.20807, 0.20171, 
0.20633000000000001, 0.19608999999999999, 0.19961000000000001, 
0.19605, 0.19650999999999999, 0.18407999999999999, 0.18088000000000001, 
0.17199999999999999, 0.15778, 0.14713999999999999, 0.13506000000000001, 
0.11236, 0.093740000000000004, 0.071099999999999997, 0.050569999999999997, 
0.029829999999999999, 0.017489999999999999, 0.0069499999999999996, 
0.00365, 0.0014300000000000001, 0.00023000000000000001, 8.0000000000000007e-05, 
4.0000000000000003e-05, 0, 0, 0, 0, 0, 0, 0, 0, 0, 0, 0, 0, 0, 
0, 0, 0, 0, 0, 0, 0, 0, 0, 0, 0, 0, 0, 0, 0, 0, 0, 0, 0, 0, 0, 
0, 0, 0, 0, 0, 0, 0, 0, 0, 0, 0, 0, 0, 0, 0, 0, 0, 0, 0, 0, 0, 
0, 0, 0)
Lx <-
c(0.99812999999999996, 0.99770999999999999, 0.99758000000000002, 
0.99750000000000005, 0.99741000000000002, 0.99733000000000005, 
0.99724000000000002, 0.99714999999999998, 0.99709000000000003, 
0.99704000000000004, 0.99700999999999995, 0.99695999999999996, 
0.99689000000000005, 0.99678999999999995, 0.99670000000000003, 
0.99658000000000002, 0.99641000000000002, 0.99619999999999997, 
0.99595999999999996, 0.99565000000000003, 0.99524999999999997, 
0.99485000000000001, 0.99443999999999999, 0.99397999999999997, 
0.99348999999999998, 0.99300999999999995, 0.99253000000000002, 
0.99206000000000005, 0.99160999999999999, 0.99112, 0.99055000000000004, 
0.99000999999999995, 0.98945000000000005, 0.98882000000000003, 
0.98814000000000002, 0.98753999999999997, 0.98699999999999999, 
0.98641000000000001, 0.98585999999999996, 0.98531000000000002, 
0.98465999999999998, 0.98385, 0.98294999999999999, 0.98202999999999996, 
0.98102, 0.97989999999999999, 0.97875999999999996, 0.97743000000000002, 
0.97582999999999998, 0.97411999999999999, 0.97219, 0.97004999999999997, 
0.96779000000000004, 0.96528999999999998, 0.96260999999999997, 
0.95975999999999995, 0.95662000000000003, 0.95298000000000005, 
0.94889999999999997, 0.94445000000000001, 0.93962000000000001, 
0.93415999999999999, 0.92818000000000001, 0.92171000000000003, 
0.91468000000000005, 0.90708, 0.89859999999999995, 0.88917999999999997, 
0.87899000000000005, 0.86799000000000004, 0.85601000000000005, 
0.84294999999999998, 0.82906999999999997, 0.81422000000000005, 
0.79745999999999995, 0.77902000000000005, 0.75892000000000004, 
0.73677000000000004, 0.71289999999999998, 0.68761000000000005, 
0.66007000000000005, 0.62975000000000003, 0.59665000000000001, 
0.56086999999999998, 0.52271000000000001, 0.48218, 0.43991999999999998, 
0.39639000000000002, 0.35303000000000001, 0.30901000000000001, 
0.26495999999999997, 0.22347, 0.18423, 0.14812, 0.11627999999999999, 
0.088819999999999996, 0.065820000000000004, 0.047239999999999997, 
0.032779999999999997, 0.021950000000000001, 0.014160000000000001, 
0.0088000000000000005, 0.0052500000000000003, 0.0030200000000000001, 
0.00166, 0.00088000000000000003, 0.00044999999999999999, 0.00022000000000000001, 
0.00011, 5.0000000000000002e-05, 4.0000000000000003e-05)
